1170
1982
1244
528
4290
2110
2646
3302
4426
2560
2810
2980
522
4150
2196
306
4332
4802
1660
2984
1294
2588
1238
2392
3326
1714
4216
2612
108
484
3208
646
1518
4886
2896
4922
1620
1316
1812
2206
3754
1170
3874
2524
3958
238
2454
1616
2718
4744
764
4820
230
212
500
4164
1900
3494
4292
4034
3966
4954
3770
4420
3716
4622
1780
900
3102
422
3000
482
2326
3060
1030
2158
2188
4058
4248
2456
2262
1954
1544
4962
2280
1364
4252
576
4208
3588
2866
4748
4640
3894
4972
1348
3084
4120
3600
4282
722
1858
3268
2776
334
2426
2394
1020
1978
3782
770
4270
420
3528
4192
1214
1812
3994
3054
4010
3592
1946
3132
2264
4526
4466
2296
4116
60
2258
2702
2872
3234
3470
4168
4062
3520
2818
766
2452
3416
2058
3014
4608
3798
4164
4234
1874
4906
3112
1234
900
4546
1100
4678
2448
3322
2484
4074
3608
3282
1686
244
1382
2158
2032
968
2310
3930
4932
3926
296
3760
1152
4778
4266
1564
1166
2136
1414
4012
2056
2326
3834
2592
2976
2942
236
2056
3418
4944
1972
676
4630
1854
428
1338
1362
4982
2572
752
2100
246
4594
3560
1142
1968
1136
2952
2620
1040
3876
438
4704
980
102
1590
2870
3826
1960
2964
2144
1732
550
3266
3534
638
4198
2128
826
2494
330
4826
872
4548
1154
1948
18
2478
558
3946
1524
420
604
3494
3074
2910
3466
4278
2050
1622
830
2114
3340
4320
3772
2926
3284
2312
2076
3106
2312
1916
1782
3390
3138
1460
2188
232
1192
492
4702
1008
3886
1820
1172
1754
1422
3378
1246
3092
4748
1368
1190
4674
2714
1376
4726
4762
4012
3964
3464
1744
2034
4378
984
2354
4380
4198
216
3998
3450
3154
4006
762
826
3680
520
4530
4922
2522
2436
3984
3624
1158
558
1434
1490
82
2140
4396
1896
4474
3878
4830
3378
3248
3536
3132
2622
1408
4906
664
190
1938
1862
3320
1634
1434
4756
1668
2308
3710
2612
1702
326
1456
4826
3550
3240
2548
1224
1612
718
1430
1780
3308
3384
2930
530
2202
2322
492
3110
3594
3316
4732
3112
4794
430
4686
2914
346
4950
122
3750
2898
1250
4828
2242
646
160
1728
690
3604
1814
2742
686
1448
1476
1214
1050
1996
4612
4440
2280
4680
1684
1764
3530
4728
4564
3426
4764
3498
2596
2280
4240
3820
2926
512
1980
1588
1530
2778
904
1780
1874
4260
4132
2294
4418
2250
252
890
3868
2588
2332
2554
3864
2804
3954
4832
4864
3704
4616
4990
3376
4998
2334
2408
3218
2196
4974
1956
126
244
2476
460
3584
156
4454
1208
4532
1190
4540
562
4518
4458
2976
262
2084
4280
2356
2882
682
686
766
4512
2464
1060
3882
1690
4446
306
2010
1980
4976
2424
1038
2664
3220
180
2428
2166
1594
3030
3130
1372
2064
3254
208
252
484
410
3082
4258
3428
2224
3452
1294
1476
2296
1736
4584
4358
1350
4694
4126
4014
3566
1972
4566
3416
2874
2578
572
2748
1712
3594
3934
2350
2144
1230
4826
4182
3644
4586
1016
4648
4252
2956
2142
1648
124
4314
3448
4906
2888
1612
3068
2918
2520
1118
4146
2154
1810
3960
2940
1616
4120
4834
2892
1486
676
774
4692
796
1584
1396
1838
3632
3482
1444
2576
406
2728
4996
2170
4496
1476
4834
4870
1878
30
2628
3808
1078
156
2558
362
718
2156
146
3132
2012
3400
656
4326
4272
4008
3894
1952
3564
4744
3404
2266
914
934
4834
2198
3380
4042
3810
3206
350
338
4384
3008
836
3606
1086
3634
1712
1882
4616
4588
2710
3652
834
650
1166
2560
1730
358
3376
4424
2080
1234
520
1784
4910
4982
4048
3330
258
1056
4708
2158
2184
26
1014
4554
2230
1266
3774
2004
3586
2208
446
2044
260
1028
3540
2848
4688
982
1624
882
494
2762
1546
4998
2842
2048
3972
3260
1508
3134
496
1240
732
3988
1994
2216
290
3546
4360
356
4354
1470
4368
1984
4194
2162
2600
3076
404
2546
4366
2326
892
1352
1272
52
770
4916
3198
4608
190
4050
2452
3080
2086
1530
2468
1406
4260
1986
4276
1534
3076
2570
3218
404
3110
624
2572
1386
264
4338
1908
3274
3372
980
3696
2606
154
1840
2054
2254
3878
3734
3194
34
494
4508
2618
1356
994
2804
2060
1978
2868
176
3274
1100
2622
3112
332
922
1260
3326
512
460
2456
3558
2162
4960
3000
3764
3854
1142
336
1936
3732
1048
394
4530
788
154
3404
4498
1950
2646
782
4040
998
366
4600
2334
1958
4208
2966
1520
3776
4916
2248
2582
224
4820
1694
1876
490
1434
4966
1300
4760
2916
736
3652
2580
976
2302
3156
1204
4352
1536
678
816
3366
722
1312
1494
1642
1830
3068
4754
150
1804
4662
1276
1288
3088
330
4860
486
1118
2140
4614
1968
2640
2694
832
1132
3164
924
2896
3800
1286
4570
1420
4628
4092
2028
1622
1594
3300
964
2618
4196
4186
2200
2314
38
268
1106
796
3898
4348
4054
2674
1110
2766
4992
696
2300
718
4806
3138
2334
386
4592
3236
2834
4022
3286
1492
1372
3332
906
4394
2058
126
3344
3746
3026
1794
2570
4654
388
3056
2540
1182
4018
776
4532
3892
3726
2942
3828
312
1590
98
2024
1176
3540
1608
4020
1810
4556
3044
4000
3574
634
1094
1334
572
4948
124
848
66
878
3412
3766
3418
4212
2608
576
1458
4424
1640
3278
4070
42
348
606
4878
1710
168
3256
102
2620
2178
3316
252
2896
1846
994
4646
3380
2858
1900
3404
3244
790
1862
186
4336
3900
3748
3778
3058
4754
1038
4586
2454
4104
1212
2638
1364
2086
3616
2910
3830
846
150
4074
1506
3806
1456
4000
434
1624
408
1428
1114
620
2838
426
358
1756
70
4330
732
2660
1844
1956
3058
4096
4188
1880
494
3546
3738
558
4556
20
3814
3150
4368
3604
2520
2178
706
202
364
3124
1710
3252
3340
3838
1198
4556
4968
1738
3946
3308
1556
2076
512
2174
4370
1390
472
3056
2950
986
4966
4570
764
2882
2768
1110
3240
4148
4236
1198
1296
858
4742
970
2118
3324
4848
3266
430
2876
2202
3404
1842
4052
4094
3526
1180
2482
2038
1988
2406
1502
2350
3418
4548
1244
1054
990
3248
266
4168
1198
3238
3826
12
4500
1182
708
2410
776
308
1562
1392
4642
3110
2662
4510
1506
736
1276
34
1892
4128
2398
930
1448
4804
3758
3646
1758
4518
2500
3210
210
2640
3694
1536
1688
2600
3266
2936
3038
2016
936
2260
4308
3344
80
3464
100
4438
4882
4820
1770
4638
2646
1284
2356
2792
2562
896
3984
3230
936
376
2510
2214
1590
3994
4256
8
2916
1156
1868
4806
3702
980
3442
3734
4056
3080
922
2634
354
3122
3662
3656
1982
510
518
4400
4310
326
4496
4734
4122
2158
2072
2924
1218
4388
4484
2512
1208
4340
3524
1790
3970
958
3878
1190
1724
4176
770
1534
1300
4558
2966
26
3900
2902
4896
3316
4090
1546
2522
3192
1742
4542
3348
1398
192
2330
4584
4130
4606
58
1012
1724
3996
4444
4732
3542
1602
4516
1594
4978
3878
2504
4326
2748
3570
3102
2468
166
312
1374
26
376
3256
4746
1094
278
1222
3352
1140
1242
3688
4428
3376
2802
282
384
2778
2706
1070
556
184
3360
734
854
2484
2524
2390
2642
3078
3916
2298
60
1978
510
2566
3716
4322
4754
4632
4092
3666
4314
742
1524
2428
286
4308
2640
576
1410
4454
960
4186
3202
4016
1644
3614
3332
1130
1380
4026
2908
3702
494
3846
826
4246
3656
346
1368
962
648
794
4648
3038
862
550
946
2928
3374
4072
204
184
444
1952
4796
2732
4538
1584
1814
3808
3822
3186
1966
3822
3616
4006
6
2620
412
504
3334
154
2392
1086
2788
2066
34
208
3342
3070
3304
926
2128
2384
562
3102
324
4630
4542
4692
4426
2744
1798
3452
4228
524
1096
4592
712
1124
1896
4500
590
2120
1164
1720
3078
2318
3560
776
3136
3418
2514
4164
1058
3360
4130
314
1204
4406
100
3402
3538
232
68
2058
4842
3814
2036
52
674
3514
3472
3468
2882
4246
920
3126
4790
370
3866
794
3634
4954
2826
456
1888
4536
1136
3092
3322
4506
4724
2286
118
2884
4286
4032
4888
4202
2684
2086
910
4158
1522
1342
2130
756
3916
1140
3904
4620
768
2894
2890
18
4750
4646
3642
4648
2054
2386
3108
3770
1132
4934
2822
2492
3918
1774
668
732
2474
2264
4122
3724
200
3360
3826
4594
1148
1174
612
1808
2692
4444
2870
3758
2782
296
1750
4926
1488
1894
3616
2544
2914
1948
4076
3916
3084
2262
722
166
2152
3404
1638
4868
2510
2202
3200
1654
2692
1548
2930
3874
4954
4368
4908
2562
988
2212
3098
3750
3758
2556
84
1222
4982
1480
2558
4810
3552
1858
862
4214
3188
2060
682
2690
2390
3530
1958
4728
3420
232
4952
4020
2630
1340
3866
168
1722
2848
3024
3842
2480
24
4894
2602
3976
1886
4218
3610
3294
3008
1726
1344
1780
4578
4098
46
4238
4590
3996
626
16
2982
1578
2310
4030
438
4326
2098
4278
2618
2448
382
254
940
1642
492
4598
3822
576
2106
4410
4762
4570
882
548
3496
3576
2
886
4250
3684
220
2672
1756
4168
14
2996
3712
3902
66
2542
596
2480
3838
3930
3800
536
3230
4906
208
2142
4928
2030
2760
572
3312
3778
4612
3802
4308
2372
4310
2514
4110
4294
2244
3078
4606
1360
2658
2938
4396
2098
3864
2560
3556
3086
3008
4076
1346
866
3634
3432
2380
48
2582
824
3110
4736
640
1082
234
4408
1562
3340
128
3406
3698
4068
3608
2514
4936
1970
4710
1512
1776
830
656
2010
28
4514
4868
2208
2734
1422
702
1824
2262
842
688
3570
2620
4812
4548
356
3244
132
3928
4990
350
1456
2534
2436
2014
2876
1226
1294
814
426
3168
3018
2170
4986
844
3088
2434
3542
464
2866
430
1176
4638
720
2716
604
3230
1960
4446
1156
4732
1678
4402
350
4272
1362
584
4062
4336
4158
4684
4810
300
910
740
2878
654
2002
1170
3568
4846
1804
4842
3026
3034
4366
2170
3050
3826
2818
504
1388
2942
1680
3794
746
3748
4258
4062
4004
3832
4386
3242
3408
2164
980
386
1386
4866
3928
2400
1422
1600
3892
2202
140
214
2308
2204
1124
870
2128
3676
2268
3364
4326
3460
1050
3116
4842
100
4698
2088
4112
4056
1668
866
1290
246
1280
1578
744
4328
2782
2774
2974
310
2826
4884
140
1364
2146
1926
2934
1334
4882
1898
1800
3622
4720
2214
4092
3464
1728
1784
1686
8
2354
1908
50
3864
3830
470
3278
4218
4174
2626
2020
836
240
194
1892
2086
1112
3094
584
2174
2646
1158
2018
1050
2838
2598
4388
952
918
3372
560
4592
940
3296
374
4586
2154
888
76
1028
4590
1840
2780
2832
3522
1442
4720
1370
1132
438
1554
3512
2342
2128
1688
582
3256
890
1038
438
4200
4652
4740
628
2640
3088
3100
3776
3370
2814
114
3970
1842
4684
2994
3488
3982
620
4424
4696
3180
664
292
198
1796
3012
3834
726
3030
652
4832
4828
2794
2746
3856
3332
2204
4410
624
3410
3590
3314
836
4450
984
3912
1388
1962
4
3606
2006
3844
552
4642
4884
4652
3692
768
4270
914
826
740
292
4592
1040
2898
946
658
3290
2476
3668
2668
1988
1320
3374
1042
3552
830
1936
2224
4826
3922
2730
1728
3672
4888
3978
270
176
204
2018
1362
4732
1840
2454
3158
22
3878
3702
1218
1552
1180
534
4934
1116
464
4960
4408
1212
290
3998
4166
4478
4516
1124
82
2472
4024
1642
2220
2426
3640
2288
2398
2072
2642
4526
3828
1750
3918
3356
4756
766
4198
132
1700
3736
3208
3164
3362
1322
786
976
2484
3500
238
3284
1790
798
3524
534
3240
1334
3744
4252
394
1332
1166
2630
1058
710
1984
308
2530
470
4634
280
3238
2180
4448
2038
2716
2040
3130
4210
4764
4862
342
2962
1178
2466
732
6
3408
846
500
4368
2162
1540
3474
468
1714
3884
270
1428
4988
2574
482
3490
826
1828
1076
3302
2812
3940
4102
4082
496
1138
2256
2702
2820
1028
3778
362
3928
4722
3230
1456
3630
2398
3220
2992
2224
3698
2984
4656
3292
1258
298
3238
806
1952
2970
2532
3692
2072
2468
4690
1878
1654
3476
4434
4284
1728
1294
4176
968
220
3758
1414
3308
4932
2166
4538
3970
792
3304
4286
4358
242
442
4662
460
704
4318
3206
1376
3756
2306
2666
1830
936
2714
924
3436
1078
3354
248
988
5000
3202
204
48
906
136
2926
620
4396
2780
4672
1932
2256
4390
1884
3092
3532
1530
1928
626
4988
1436
470
3062
3366
3894
132
2226
2626
348
3812
3332
3424
4188
3502
516
3638
110
4402
3880
1644
3592
2112
848
3722
862
2428
4160
528
3368
544
3388
3794
2178
4782
4098
2846
282
4456
1758
4260
1278
2188
4884
3944
1776
1274
668
1808
1522
2186
2434
4552
3256
3570
4856
694
1986
1400
544
3212
1180
1306
2826
4332
2968
3066
2936
1742
630
3548
2756
724
1460
3164
3186
1448
36
76
4876
870
4564
1912
3710
3844
366
2902
622
2312
3660
4954
1658
3584
750
3050
3938
1872
2140
1916
2638
112
2876
378
4654
2042
2918
3060
3002
3600
2698
1438
1762
432
2160
1894
2166
832
2206
570
1854
1954
2608
2588
4366
1080
4020
1206
216
2240
4580
2680
3858
3586
3508
1042
2184
2528
4768
1670
4322
2106
4916
4004
3646
862
4658
4646
2142
1992
656
2624
786
3810
2526
4294
1146
702
3896
328
1828
2570
2826
2442
3754
966
136
3400
1352
2702
2646
3468
1392
2354
1630
2898
1968
2790
1194
486
4484
580
2974
4082
234
2722
820
2840
2042
4618
3166
2194
1066
2354
4840
2080
2864
430
3034
4730
3356
1650
24
3244
518
498
1412
412
4334
878
352
1122
170
2730
3940
4576
2532
2384
862
3292
2586
4904
2202
734
1024
4788
3798
3856
4894
282
452
106
2008
338
3112
2510
1738
322
4380
4890
4064
2508
3040
3230
1248
3682
1158
2938
2806
4238
1454
4496
1430
3206
844
2752
4184
178
2426
3172
1972
1576
2482
3708
4884
294
4268
3790
3060
3280
4860
